21
1.675205 1.050531 -1.270568
2.348511 0.729216 -0.827357
2.999469 1.158038 -0.446063
3.137895 2.014086 -0.413810
2.659552 2.652738 -0.754883
1.924640 2.593076 -1.212449
1.486565 1.880026 -1.441950
2.348511 0.729216 -0.827357
1.675205 1.050531 -1.270568
2.999469 1.158038 -0.446063
3.137895 2.014086 -0.413810
2.659552 2.652738 -0.754883
1.924640 2.593076 -1.212449
1.486565 1.880026 -1.441950
1.863475 0.778538 -0.054756
1.190169 1.099853 -0.497967
2.514434 1.207361 0.326537
2.652860 2.063409 0.358791
2.174516 2.702061 0.017718
1.439605 2.642398 -0.439848
1.001529 1.929349 -0.669349
42
1.797864 -0.109833 -0.834222
2.521472 0.442948 -0.308497
1.521476 0.442947 0.016427
0.903438 0.442952 -0.834222
1.521476 0.442947 -1.684871
2.521472 0.442948 -1.359947
2.074252 1.337387 0.016427
1.074257 1.337387 -0.308497
1.074257 1.337387 -1.359947
2.074252 1.337387 -1.684871
2.692291 1.337383 -0.834222
1.797864 1.890167 -0.834222
1.635409 0.039513 -0.334227
2.223187 0.039513 -0.525211
2.060733 0.364430 -0.025210
2.648512 0.364431 -0.834222
2.223187 0.039513 -1.143234
1.272135 0.039516 -0.834222
1.109675 0.364431 -0.334225
1.635409 0.039513 -1.334218
1.109675 0.364431 -1.334219
2.060733 0.364430 -1.643234
2.748922 0.890167 -0.525209
2.748922 0.890167 -1.143235
1.797864 0.890167 0.165778
2.385650 0.890167 -0.025205
0.846807 0.890167 -0.525209
1.210079 0.890167 -0.025205
1.210079 0.890167 -1.643239
0.846807 0.890167 -1.143235
2.385650 0.890167 -1.643239
1.797864 0.890167 -1.834222
2.486054 1.415904 -0.334225
1.534996 1.415905 -0.025210
0.947217 1.415903 -0.834222
1.534996 1.415905 -1.643234
2.486054 1.415904 -1.334219
1.960320 1.740822 -0.334227
2.323594 1.740819 -0.834222
1.372542 1.740821 -0.525211
1.372542 1.740821 -1.143234
1.960320 1.740822 -1.334218