42
-0.674092 -2.879593 3.843273
0.049515 -2.326813 4.368999
-0.950480 -2.326813 4.693923
-1.568518 -2.326809 3.843273
-0.950480 -2.326813 2.992624
0.049515 -2.326813 3.317548
-0.397704 -1.432374 4.693923
-1.397699 -1.432374 4.368999
-1.397699 -1.432374 3.317548
-0.397704 -1.432374 2.992624
0.220334 -1.432378 3.843273
-0.674092 -0.879593 3.843273
-0.836548 -2.730248 4.343268
-0.248769 -2.730248 4.152285
-0.411223 -2.405331 4.652285
0.176556 -2.405329 3.843273
-0.248769 -2.730248 3.534262
-1.199822 -2.730245 3.843273
-1.362281 -2.405330 4.343270
-0.836548 -2.730248 3.343278
-1.362281 -2.405330 3.343276
-0.411223 -2.405331 3.034261
0.276966 -1.879593 4.152286
0.276966 -1.879593 3.534261
-0.674092 -1.879593 4.843273
-0.086306 -1.879593 4.652290
-1.625150 -1.879593 4.152286
-1.261878 -1.879593 4.652290
-1.261878 -1.879593 3.034256
-1.625150 -1.879593 3.534261
-0.086306 -1.879593 3.034256
-0.674092 -1.879593 2.843273
0.014097 -1.353857 4.343270
-0.936961 -1.353856 4.652285
-1.524740 -1.353858 3.843273
-0.936961 -1.353856 3.034261
0.014097 -1.353857 3.343276
-0.511636 -1.028939 4.343268
-0.148362 -1.028942 3.843273
-1.099415 -1.028939 4.152285
-1.099415 -1.028939 3.534262
-0.511636 -1.028939 3.343278
8
0.222930 -0.183113 1.751680
0.222930 -2.183113 1.751680
0.222930 -0.183113 3.751680
0.222930 -2.183113 3.751680
-1.777070 -0.183113 1.751680
-1.777070 -2.183113 1.751680
-1.777070 -0.183113 3.751680
-1.777070 -2.183113 3.751680
