21
1.675205 1.050531 -1.270568
2.348511 0.729216 -0.827357
2.999469 1.158038 -0.446063
3.137895 2.014086 -0.413810
2.659552 2.652738 -0.754883
1.924640 2.593076 -1.212449
1.486565 1.880026 -1.441950
2.348511 0.729216 -0.827357
1.675205 1.050531 -1.270568
2.999469 1.158038 -0.446063
3.137895 2.014086 -0.413810
2.659552 2.652738 -0.754883
1.924640 2.593076 -1.212449
1.486565 1.880026 -1.441950
1.863475 0.778538 -0.054756
1.190169 1.099853 -0.497967
2.514434 1.207361 0.326537
2.652860 2.063409 0.358791
2.174516 2.702061 0.017718
1.439605 2.642398 -0.439848
1.001529 1.929349 -0.669349
42
-0.220650 -0.962051 -3.640453
0.502958 -0.409270 -3.114727
-0.497038 -0.409271 -2.789804
-1.115076 -0.409266 -3.640453
-0.497038 -0.409271 -4.491102
0.502958 -0.409270 -4.166178
0.055738 0.485169 -2.789804
-0.944257 0.485169 -3.114727
-0.944257 0.485169 -4.166178
0.055738 0.485169 -4.491102
0.673777 0.485165 -3.640453
-0.220650 1.037949 -3.640453
-0.383105 -0.812705 -3.140458
0.204673 -0.812705 -3.331441
0.042219 -0.487788 -2.831441
0.629998 -0.487787 -3.640453
0.204673 -0.812705 -3.949464
-0.746379 -0.812702 -3.640453
-0.908839 -0.487787 -3.140456
-0.383105 -0.812705 -4.140448
-0.908839 -0.487787 -4.140450
0.042219 -0.487788 -4.449464
0.730408 0.037949 -3.331440
0.730408 0.037949 -3.949465
-0.220650 0.037949 -2.640453
0.367136 0.037949 -2.831436
-1.171707 0.037949 -3.331440
-0.808435 0.037949 -2.831436
-0.808435 0.037949 -4.449470
-1.171707 0.037949 -3.949465
0.367136 0.037949 -4.449470
-0.220650 0.037949 -4.640452
0.467540 0.563685 -3.140456
-0.483518 0.563687 -2.831441
-1.071297 0.563685 -3.640453
-0.483518 0.563687 -4.449464
0.467540 0.563685 -4.140450
-0.058194 0.888604 -3.140458
0.305080 0.888601 -3.640453
-0.645972 0.888603 -3.331441
-0.645972 0.888603 -3.949464
-0.058194 0.888604 -4.140448